6371.0000  3.2000
6367.5000  3.2000
6367.0000  3.6500
6365.0000  3.6567
6355.0000  3.6900
6341.0000  3.7366
6337.0000  3.7500
6335.0000  4.6000
6271.0000  4.6000
6246.0000  4.5000
6196.0000  4.5000
6173.0000  4.4817
6171.0000  4.4800
6121.0000  4.4800
6096.0000  4.5100
6085.0000  4.5360
6071.0000  4.5700
6046.0000  4.6300
6035.0000  4.6516
6021.0000  4.6800
5996.0000  4.7300
5981.2000  4.7595
5976.0000  4.7700
5957.0000  4.8100
5955.0000  5.0500
5946.0000  5.0700
5923.3000  5.1064
5921.0000  5.1100
5896.0000  5.1500
5871.0000  5.1900
5861.3000  5.2132
5846.0000  5.2500
5821.0000  5.2900
5796.0000  5.3300
5795.4000  5.3315
5771.0000  5.3900
5746.0000  5.4500
5726.0000  5.5200
5725.4000  5.5265
5717.0000  5.6200
5715.0000  5.8300
5696.0000  5.9500
5671.0000  6.0700
5651.5000  6.1247
5646.0000  6.1400
5621.0000  6.1900
5596.0000  6.2200
5573.5000  6.2380
5571.0000  6.2400
5546.0000  6.2600
5521.0000  6.2790
5496.0000  6.2960
5491.6000  6.2990
5471.0000  6.3130
5446.0000  6.3300
5421.0000  6.3460
5405.7000  6.3564
5396.0000  6.3630
5371.0000  6.3800
5346.0000  6.3960
5321.0000  6.4110
5315.8000  6.4143
5296.0000  6.4270
5271.0000  6.4430
5246.0000  6.4580
5221.9000  6.4734
5221.0000  6.4740
5208.5000  6.4810
5196.0000  6.4890
5183.5000  6.4970
5171.0000  6.5040
5158.5000  6.5110
5146.0000  6.5180
5133.5000  6.5250
5124.0000  6.5303
5121.0000  6.5320
5108.5000  6.5390
5096.0000  6.5470
5083.5000  6.5540
5071.0000  6.5610
5058.5000  6.5680
5046.0000  6.5750
5033.5000  6.5820
5022.1000  6.5884
5021.0000  6.5890
5008.5000  6.5960
4996.0000  6.6030
4983.5000  6.6100
4971.0000  6.6170
4958.5000  6.6240
4946.0000  6.6300
4933.5000  6.6370
4921.0000  6.6430
4916.2000  6.6457
4908.5000  6.6500
4896.0000  6.6570
4883.5000  6.6640
4871.0000  6.6700
4858.5000  6.6770
4846.0000  6.6830
4833.5000  6.6900
4821.0000  6.6960
4808.5000  6.7030
4806.4000  6.7040
4796.0000  6.7090
4783.5000  6.7160
4771.0000  6.7220
4758.5000  6.7280
4746.0000  6.7340
4733.5000  6.7410
4721.0000  6.7470
4708.5000  6.7530
4696.0000  6.7590
4692.5000  6.7610
4683.5000  6.7660
4671.0000  6.7720
4658.5000  6.7780
4646.0000  6.7840
4633.5000  6.7900
4621.0000  6.7960
4608.5000  6.8030
4596.0000  6.8090
4583.5000  6.8150
4574.7000  6.8192
4571.0000  6.8210
4558.5000  6.8270
4546.0000  6.8330
4533.5000  6.8390
4521.0000  6.8450
4508.5000  6.8500
4496.0000  6.8560
4483.5000  6.8620
4471.0000  6.8680
4458.5000  6.8730
4452.9000  6.8757
4446.0000  6.8790
4433.5000  6.8850
4421.0000  6.8910
4408.5000  6.8960
4396.0000  6.9020
4383.5000  6.9080
4371.0000  6.9140
4358.5000  6.9190
4346.0000  6.9250
4333.5000  6.9310
4327.1000  6.9341
4321.0000  6.9370
4308.5000  6.9420
4296.0000  6.9480
4283.5000  6.9540
4271.0000  6.9600
4258.5000  6.9650
4246.0000  6.9710
4233.5000  6.9770
4221.0000  6.9830
4208.5000  6.9880
4197.3000  6.9934
4196.0000  6.9940
4183.5000  6.9990
4171.0000  7.0050
4158.5000  7.0100
4146.0000  7.0160
4133.5000  7.0210
4121.0000  7.0270
4108.5000  7.0320
4096.0000  7.0380
4083.5000  7.0430
4071.0000  7.0490
4063.6000  7.0525
4058.5000  7.0550
4046.0000  7.0600
4033.5000  7.0650
4021.0000  7.0710
4008.5000  7.0770
3996.0000  7.0830
3983.5000  7.0890
3971.0000  7.0940
3958.5000  7.0990
3946.0000  7.1050
3933.5000  7.1100
3926.0000  7.1136
3921.0000  7.1160
3908.5000  7.1220
3896.0000  7.1270
3883.5000  7.1320
3871.0000  7.1380
3858.5000  7.1430
3846.0000  7.1490
3833.5000  7.1550
3821.0000  7.1610
3808.5000  7.1660
3796.0000  7.1710
3784.3000  7.1757
3783.5000  7.1760
3771.0000  7.1820
3758.5000  7.1910
3746.0000  7.2000
3733.5000  7.2220
3721.0000  7.2450
3708.5000  7.2670
3696.0000  7.2900
3683.5000  7.2870
3671.0000  7.2850
3658.5000  7.2830
3646.0000  7.2800
3638.5000  7.2782
3633.5000  7.2770
3621.0000  7.2750
3608.5000  7.2730
3596.0000  7.2700
3583.5000  7.2670
3571.0000  7.2650
3559.6000  7.2640
3548.2000  7.2630
3536.9000  7.2610
3525.5000  7.2600
3514.1000  7.2590
3502.8000  7.2570
3491.4000  7.2560
3489.0000  7.2558
3480.0000  7.2550
